Solutiile sunt: 
x(1)=1.000000 
x(2)=20.000000 
x(3)=3.000000 
%Acestea sunt pt al doilea set de date 
