Solutiile sunt: 
x(1)=1.000000 
x(2)=-1.000000 
x(3)=1.000000 
%Acestea au fost pt primul set de date 